sve_1_dem_16m_aggr.asc
ncols         160
nrows         233
xllcorner     383056
yllcorner     7542000
cellsize      16
NODATA_value  -9999
[rows 120 to 149 of 233, columns 0 to 68 of 160]
-9999 -9999 -9999 -9999 -9999 -9999 -9999 -9999 -9999 -9999 -9999 -9999 -9999 -9999 -9999 -9999 -9999 290.1855 290.1852 290.2487 290.3544 290.5145 290.7273 290.9607 291.2551 291.5022 291.7353 291.9089 292.0311 292.1059 292.0698 291.9308 291.7066 291.4634 291.1869 290.9534 290.6302 290.0694 289.1624 288.2142 287.997 288.003 288.2433 288.5094 288.3731 287.8337 287.003 286.1299 285.5063 285.0352 284.6725 284.1373 283.3051 282.5222 282.9779 284.8936 286.4367 287.8429 289.3642 291.586 293.8064 296.393 299.1721 301.7934 304.8338 307.3653 310.0587 312.717 314.9386
-9999 -9999 -9999 -9999 -9999 -9999 -9999 -9999 -9999 -9999 -9999 -9999 -9999 -9999 -9999 -9999 -9999 290.2139 290.2394 290.3672 290.5342 290.7531 291.0153 291.2791 291.5975 291.8511 292.0859 292.2652 292.3831 292.4531 292.4311 292.317 292.1127 291.8773 291.5883 291.3216 290.8857 290.0034 288.5886 288.0018 287.9914 288.0032 288.335 288.947 288.9964 288.481 287.6424 286.7973 286.1916 285.7634 285.5487 285.256 284.5528 283.5474 283.5529 285.0498 286.4384 287.9138 289.497 291.7176 293.8983 296.4199 299.0949 301.7165 304.907 307.5916 310.4131 313.08 315.2291
-9999 -9999 -9999 -9999 -9999 -9999 -9999 -9999 -9999 -9999 -9999 -9999 -9999 -9999 -9999 -9999 -9999 290.3067 290.3675 290.5595 290.7733 291.0328 291.3237 291.6038 291.9289 292.1801 292.4121 292.5927 292.7093 292.7816 292.7723 292.6776 292.4828 292.2514 291.9756 291.7246 291.3051 290.4359 289.0905 288.0941 287.9896 288.0022 288.4018 289.381 289.5701 289.0219 288.1501 287.3043 286.6969 286.297 286.1797 286.0766 285.6682 284.8957 284.3807 285.0727 286.2251 287.7686 289.4986 291.8237 294.0191 296.4944 299.0675 301.6466 304.9129 307.7404 310.6856 313.3819 315.4885
-9999 -9999 -9999 -9999 -9999 -9999 -9999 -9999 -9999 -9999 -9999 -9999 -9999 -9999 -9999 -9999 -9999 -9999 290.6951 290.9181 291.1524 291.4331 291.7349 292.02 292.3422 292.5875 292.8138 292.9898 293.1082 293.1972 293.2078 293.1264 292.9361 292.7022 292.4396 292.2587 292.0231 291.5334 290.7144 289.5305 288.859 288.2711 288.7039 289.6373 289.8775 289.3572 288.5171 287.6913 287.0901 286.7033 286.6322 286.6383 286.4527 285.9144 284.7516 284.6501 285.6713 287.3876 289.3939 292.0153 294.3046 296.7196 299.1484 301.6694 305.0261 307.9453 310.9779 313.711 315.7664
-9999 -9999 -9999 -9999 -9999 -9999 -9999 -9999 -9999 -9999 -9999 -9999 -9999 -9999 -9999 -9999 -9999 -9999 291.0929 291.3183 291.5477 291.8276 292.1299 292.4142 292.7314 292.9753 293.2001 293.3729 293.4918 293.5948 293.6282 293.5747 293.3989 293.1618 292.8896 292.7578 292.7289 292.7177 292.575 292.0065 291.0954 290.0301 289.7701 289.9068 289.8182 289.3622 288.6459 287.9049 287.3256 286.8963 286.7878 286.8322 286.7615 286.2303 284.6326 284.0523 285.0612 286.9906 289.285 292.3272 294.8112 297.1224 299.3272 301.7877 305.2509 308.2166 311.2656 313.969 315.9617
-9999 -9999 -9999 -9999 -9999 -9999 -9999 -9999 -9999 -9999 -9999 -9999 -9999 -9999 -9999 -9999 -9999 -9999 -9999 291.8049 292.0262 292.298 292.5959 292.8812 293.1988 293.4448 293.674 293.8449 293.9626 294.069 294.1192 294.1082 293.9862 293.7607 293.4428 293.3156 293.4485 293.8775 294.369 294.5201 293.9309 292.804 291.4504 290.4341 289.774 289.2981 288.7007 288.0893 287.5588 287.0438 286.8058 286.8115 286.8275 286.3977 284.9031 284.1271 284.727 286.5951 289.1351 292.7693 295.5353 297.679 299.5976 301.9551 305.5034 308.5263 311.541 314.1277 316.0466
-9999 -9999 -9999 -9999 -9999 -9999 -9999 -9999 -9999 -9999 -9999 -9999 -9999 -9999 -9999 -9999 -9999 -9999 -9999 -9999 292.5509 292.8112 293.1036 293.3906 293.7207 293.9749 294.2072 294.3756 294.4914 294.5785 294.6024 294.6049 294.5736 294.4013 294.0205 293.8524 294.0172 294.5865 295.3012 295.8808 295.7807 294.8906 293.1148 291.3753 290.082 289.3922 288.7956 288.2938 287.8427 287.2851 286.8906 286.7389 286.7787 286.6144 285.7247 284.923 284.8476 286.3316 289.0104 293.1154 296.0403 298.1407 300.0426 302.3293 305.7725 308.7918 311.7359 314.1805 316.0295
-9999 -9999 -9999 -9999 -9999 -9999 -9999 -9999 -9999 -9999 -9999 -9999 -9999 -9999 -9999 -9999 -9999 -9999 -9999 -9999 293.0721 293.3159 293.5949 293.8827 294.2344 294.5077 294.7384 294.8926 294.9969 295.0406 294.9855 294.9447 294.9836 294.8933 294.5415 294.3368 294.4157 294.8803 295.5428 296.2706 296.415 295.8039 294.2282 292.395 290.6441 289.6671 289.006 288.5808 288.2114 287.6959 287.2432 286.8991 286.8367 286.8789 286.5909 285.9073 285.3267 286.2768 288.9485 293.1993 296.187 298.4163 300.4543 302.6917 305.9465 308.93 311.8286 314.1765 315.9847
-9999 -9999 -9999 -9999 -9999 -9999 -9999 -9999 -9999 -9999 -9999 -9999 -9999 -9999 -9999 -9999 -9999 -9999 -9999 -9999 -9999 293.9467 294.1812 294.4487 294.83 295.1442 295.3822 295.5183 295.5798 295.5216 295.3482 295.2244 295.3683 295.4781 295.2954 295.0313 294.8995 295.119 295.5999 296.1986 296.3416 295.8974 294.7039 293.1531 291.3306 290.1898 289.502 289.1495 288.863 288.422 287.9531 287.4729 287.212 287.2311 287.3491 287.1265 286.4616 286.7118 288.9886 293.0763 296.2366 298.666 300.6271 302.7146 305.8879 308.8702 311.7911 314.1464 315.941
-9999 -9999 -9999 -9999 -9999 -9999 -9999 -9999 -9999 -9999 -9999 -9999 -9999 -9999 -9999 -9999 -9999 -9999 -9999 -9999 -9999 294.5298 294.6995 294.9219 295.3103 295.6544 295.929 296.0786 296.1239 296.0362 295.8452 295.7377 296.081 296.419 296.3563 295.9925 295.6438 295.6392 295.8858 296.1627 296.1163 295.6555 294.6842 293.4385 291.8661 290.8118 290.1624 289.8349 289.5912 289.1626 288.6832 288.1551 287.7594 287.5954 287.6551 287.6758 287.3979 287.5481 289.3811 292.9412 296.2373 298.8796 300.5767 302.4861 305.7499 308.8354 311.7971 314.1121 315.8911
-9999 -9999 -9999 -9999 -9999 -9999 -9999 -9999 -9999 -9999 -9999 -9999 -9999 -9999 -9999 -9999 -9999 -9999 -9999 -9999 -9999 -9999 295.3061 295.4746 295.8463 296.2019 296.517 296.7152 296.8105 296.8387 296.8552 297.0295 297.538 297.972 297.9171 297.4586 296.9543 296.7019 296.6205 296.4606 296.1102 295.485 294.6084 293.6334 292.4561 291.6364 291.023 290.6504 290.3826 289.947 289.4863 288.9618 288.4885 288.1236 287.7962 287.4992 287.277 288.1114 290.0343 292.9402 295.9944 298.8528 300.5401 302.3173 305.5961 308.7519 311.7375 314.015 315.7958
-9999 -9999 -9999 -9999 -9999 -9999 -9999 -9999 -9999 -9999 -9999 -9999 -9999 -9999 -9999 -9999 -9999 -9999 -9999 -9999 -9999 -9999 -9999 296.1666 296.4764 296.7994 297.1309 297.4044 297.621 297.8788 298.2012 298.7169 299.2795 299.6431 299.4928 298.9686 298.4207 298.0373 297.7384 297.2502 296.5951 295.6836 294.7246 293.895 293.0329 292.4257 291.8828 291.4299 291.0534 290.6049 290.1913 289.7183 289.2448 288.7809 288.0788 287.3383 286.8913 287.9161 289.9603 292.7716 295.6132 298.6538 300.6126 302.3413 305.3822 308.3653 311.3602 313.7572 315.6036
-9999 -9999 -9999 -9999 -9999 -9999 -9999 -9999 -9999 -9999 -9999 -9999 -9999 -9999 -9999 -9999 -9999 -9999 -9999 -9999 -9999 -9999 -9999 296.8702 297.1275 297.4041 297.7366 298.089 298.4359 298.8947 299.381 299.9968 300.4948 300.7108 300.5219 300.0642 299.5914 299.2432 298.9184 298.3131 297.4506 296.2494 295.1028 294.2941 293.6012 293.1043 292.5966 292.0863 291.6182 291.113 290.7145 290.2872 289.8416 289.3672 288.5244 287.5941 287.1046 287.9105 289.6502 292.4551 295.3746 298.505 300.767 302.5209 305.1545 307.9148 310.8984 313.3754 315.3076
-9999 -9999 -9999 -9999 -9999 -9999 -9999 -9999 -9999 -9999 -9999 -9999 -9999 -9999 -9999 -9999 -9999 -9999 -9999 -9999 -9999 -9999 -9999 -9999 297.9113 298.157 298.4934 298.9133 299.3693 299.9501 300.4211 300.9012 301.2393 301.3465 301.1969 300.9146 300.617 300.3941 300.1734 299.6651 298.7712 297.4118 296.0421 295.1046 294.4023 293.8901 293.3304 292.7577 292.2294 291.6502 291.2162 290.7822 290.3351 289.8808 289.1324 288.2885 287.6722 288.264 289.8244 292.5556 295.3764 298.2539 300.6348 302.4824 304.8732 307.3868 310.2208 312.7097 314.767
-9999 -9999 -9999 -9999 -9999 -9999 -9999 -9999 -9999 -9999 -9999 -9999 -9999 -9999 -9999 -9999 -9999 -9999 -9999 -9999 -9999 -9999 -9999 -9999 -9999 298.8097 299.1581 299.5981 300.0636 300.6121 301.0088 301.3615 301.5881 301.6607 301.5806 301.4258 301.2439 301.0822 300.9153 300.5232 299.7963 298.5487 297.1857 296.1225 295.208 294.5717 293.9179 293.2802 292.7161 292.0876 291.6018 291.1212 290.6525 290.2211 289.68 289.1411 288.5394 289.0057 290.4492 292.9964 295.4554 297.9612 300.2039 302.0741 304.5113 306.8491 309.4291 311.8844 314.0724
-9999 -9999 -9999 -9999 -9999 -9999 -9999 -9999 -9999 -9999 -9999 -9999 -9999 -9999 -9999 -9999 -9999 -9999 -9999 -9999 -9999 -9999 -9999 -9999 -9999 299.5027 299.8705 300.2985 300.7122 301.1624 301.4782 301.737 301.8959 301.9602 301.944 301.871 301.754 301.6084 301.4354 301.0878 300.5398 299.629 298.442 297.2979 296.1306 295.3119 294.539 293.8335 293.2272 292.5698 292.032 291.4715 290.9637 290.5621 290.2141 290.002 289.597 290.0436 291.2176 293.35 295.4146 297.5747 299.6431 301.5472 304.0193 306.2099 308.5018 310.7975 313.0674
-9999 -9999 -9999 -9999 -9999 -9999 -9999 -9999 -9999 -9999 -9999 -9999 -9999 -9999 -9999 -9999 -9999 -9999 -9999 -9999 -9999 -9999 -9999 -9999 -9999 -9999 300.5661 300.9628 301.3122 301.6735 301.9189 302.1181 302.252 302.3236 302.3351 302.2894 302.1907 302.0334 301.8338 301.5015 301.0845 300.4336 299.4373 298.3112 297.0208 296.0496 295.1396 294.3817 293.768 293.0986 292.5176 291.8788 291.3021 290.8842 290.5941 290.4045 289.8513 290.4411 292.0585 293.824 295.3906 297.2014 299.1399 301.0455 303.4868 305.5632 307.6329 309.6955 311.8874
-9999 -9999 -9999 -9999 -9999 -9999 -9999 -9999 -9999 -9999 -9999 -9999 -9999 -9999 -9999 -9999 -9999 -9999 -9999 -9999 -9999 -9999 -9999 -9999 -9999 -9999 -9999 301.5718 301.878 302.1833 302.388 302.5574 302.6777 302.7463 302.7599 302.712 302.6006 302.4202 302.2036 301.8856 301.5229 300.9566 300.0927 299.0685 297.7759 296.7235 295.7013 294.8965 294.3037 293.6536 293.0418 292.3335 291.6704 291.1913 290.9451 290.872 290.2582 290.6996 292.6794 294.2773 295.4552 296.9459 298.7039 300.5378 302.9636 304.9391 306.8942 308.8396 310.8698
-9999 -9999 -9999 -9999 -9999 -9999 -9999 -9999 -9999 -9999 -9999 -9999 -9999 -9999 -9999 -9999 -9999 -9999 -9999 -9999 -9999 -9999 -9999 -9999 -9999 -9999 -9999 302.3101 302.5836 302.8592 303.0509 303.2088 303.3084 303.3521 303.3447 303.2881 303.1497 302.9247 302.681 302.3662 302.0279 301.5107 300.7427 299.8205 298.5879 297.5122 296.4329 295.5763 294.9835 294.386 293.7842 293.0017 292.229 291.7361 291.6922 291.7616 291.1954 291.3219 293.0575 294.5244 295.5105 296.7507 298.3176 300.0381 302.2934 304.1339 306.0362 307.8925 309.6958
-9999 -9999 -9999 -9999 -9999 -9999 -9999 -9999 -9999 -9999 -9999 -9999 -9999 -9999 -9999 -9999 -9999 -9999 -9999 -9999 -9999 -9999 -9999 -9999 -9999 -9999 -9999 -9999 303.2238 303.5071 303.7104 303.8665 303.9401 303.954 303.9305 303.8752 303.7284 303.474 303.2015 302.8737 302.5485 302.0676 301.3429 300.4573 299.2533 298.1785 297.0859 296.202 295.5832 295.0158 294.4899 293.7136 292.8731 292.4552 292.4338 292.3466 291.9913 291.9585 293.0646 294.4536 295.4154 296.6032 298.0631 299.6054 301.5285 303.2204 305.1357 306.9718 308.6316
-9999 -9999 -9999 -9999 -9999 -9999 -9999 -9999 -9999 -9999 -9999 -9999 -9999 -9999 -9999 -9999 -9999 -9999 -9999 -9999 -9999 -9999 -9999 -9999 -9999 -9999 -9999 -9999 -9999 304.2664 304.4995 304.6617 304.7074 304.6837 304.6505 304.6114 304.512 304.3073 304.0389 303.6663 303.3194 302.816 302.0615 301.1646 299.9459 298.8558 297.7448 296.8241 296.1629 295.5884 295.1432 294.4853 293.7052 293.3063 293.0762 292.7337 292.246 292.4296 293.095 294.256 295.2777 296.4675 297.8394 299.199 300.7307 302.1263 303.9975 305.9014 307.4884
-9999 -9999 -9999 -9999 -9999 -9999 -9999 -9999 -9999 -9999 -9999 -9999 -9999 -9999 -9999 -9999 -9999 -9999 -9999 -9999 -9999 -9999 -9999 -9999 -9999 -9999 -9999 -9999 -9999 305.0902 305.3771 305.5689 305.6062 305.5408 305.4593 305.449 305.533 305.6248 305.5067 305.0189 304.4999 303.7476 302.8339 301.8641 300.5881 299.4572 298.3123 297.3331 296.5971 295.9356 295.4609 294.9451 294.4078 293.9936 293.5966 293.2385 292.7699 292.5351 293.0321 294.1696 295.2374 296.4082 297.7217 299.001 300.3642 301.4673 302.99 304.7837 306.3796
-9999 -9999 -9999 -9999 -9999 -9999 -9999 -9999 -9999 -9999 -9999 -9999 -9999 -9999 -9999 -9999 -9999 -9999 -9999 -9999 -9999 -9999 -9999 -9999 -9999 -9999 -9999 -9999 -9999 -9999 306.2635 306.5362 306.6173 306.5372 306.3772 306.3704 306.6859 307.3078 307.5923 307.0567 306.055 304.765 303.6167 302.5287 301.1547 299.9652 298.7677 297.7151 296.8828 296.0995 295.5705 295.1153 294.7746 294.4199 294.0489 293.7802 293.3284 292.7358 293.1534 294.3235 295.3448 296.4866 297.7694 298.9962 300.3169 301.3044 302.4294 303.88 305.5077
-9999 -9999 -9999 -9999 -9999 -9999 -9999 -9999 -9999 -9999 -9999 -9999 -9999 -9999 -9999 -9999 -9999 -9999 -9999 -9999 -9999 -9999 -9999 -9999 -9999 -9999 -9999 -9999 -9999 -9999 307.3894 307.8349 308.1128 308.1441 307.9939 308.0075 308.4351 309.5721 310.4787 310.0624 308.421 306.39 304.7685 303.4023 301.8447 300.5609 299.2656 298.0932 297.1247 296.2013 295.6334 295.2699 295.0425 294.7894 294.482 294.1913 293.7176 293.3115 293.7152 294.6883 295.62 296.8403 298.128 299.2325 300.4521 301.4816 302.6007 303.8404 305.2593
-9999 -9999 -9999 -9999 -9999 -9999 -9999 -9999 -9999 -9999 -9999 -9999 -9999 -9999 -9999 -9999 -9999 -9999 -9999 -9999 -9999 -9999 -9999 -9999 -9999 -9999 -9999 -9999 -9999 -9999 -9999 309.0565 309.6485 309.9657 310.0777 310.3231 310.9353 312.0056 312.7754 312.1884 310.4305 308.1133 306.0037 304.2961 302.5338 301.1421 299.7262 298.4136 297.3228 296.3124 295.7424 295.4453 295.2773 295.0634 294.7471 294.4117 293.9914 293.7741 294.0995 294.9254 295.9978 297.4681 298.7658 299.6649 300.6183 301.6736 302.9871 304.3296 305.6683
-9999 -9999 -9999 -9999 -9999 -9999 -9999 -9999 -9999 -9999 -9999 -9999 -9999 -9999 -9999 -9999 -9999 -9999 -9999 -9999 -9999 -9999 -9999 -9999 -9999 -9999 -9999 -9999 -9999 -9999 -9999 -9999 311.4974 312.2632 312.9903 313.6204 314.4925 315.1259 315.1006 314.0544 312.2791 309.8935 307.4711 305.4507 303.4462 301.8956 300.2985 298.7911 297.5595 296.508 296.0202 295.7957 295.6272 295.3651 295.0083 294.6633 294.2953 294.1066 294.3481 295.2678 296.6862 298.4575 299.662 300.2341 300.88 301.8248 303.1728 304.6421 306.0216
-9999 -9999 -9999 -9999 -9999 -9999 -9999 -9999 -9999 -9999 -9999 -9999 -9999 -9999 -9999 -9999 -9999 -9999 -9999 -9999 -9999 -9999 -9999 -9999 -9999 -9999 -9999 -9999 -9999 -9999 -9999 -9999 313.5878 314.7123 315.8814 316.6165 317.1776 317.2899 316.8411 315.5885 313.8882 311.5045 308.9463 306.778 304.5761 302.8286 300.9828 299.2331 297.8463 296.8206 296.4982 296.347 296.0961 295.7524 295.3395 295.0103 294.7197 294.6227 294.8302 295.8369 297.5992 299.427 300.2859 300.5743 301.0456 301.8726 303.1618 304.6917 306.144
-9999 -9999 -9999 -9999 -9999 -9999 -9999 -9999 -9999 -9999 -9999 -9999 -9999 -9999 -9999 -9999 -9999 -9999 -9999 -9999 -9999 -9999 -9999 -9999 -9999 -9999 -9999 -9999 -9999 -9999 -9999 -9999 -9999 316.8968 318.0535 318.6115 318.8174 318.603 318.0076 316.761 315.1713 312.8466 310.2672 308.0735 305.7786 303.8586 301.7335 299.7399 298.2321 297.2967 297.1425 296.9763 296.6021 296.1778 295.7134 295.4285 295.297 295.3644 295.4731 296.4988 298.394 299.9893 300.4512 300.5658 300.9411 301.7656 303.098 304.6964 306.2225
-9999 -9999 -9999 -9999 -9999 -9999 -9999 -9999 -9999 -9999 -9999 -9999 -9999 -9999 -9999 -9999 -9999 -9999 -9999 -9999 -9999 -9999 -9999 -9999 -9999 -9999 -9999 -9999 -9999 -9999 -9999 -9999 -9999 -9999 319.9337 320.1545 320.0621 319.7221 319.1033 317.9046 316.4119 314.3242 311.9167 309.7227 307.3265 305.2398 302.8546 300.6104 298.9815 298.1274 298.0269 297.7233 297.206 296.7167 296.2671 296.0628 296.0829 296.2927 296.3067 296.8495 298.6361 299.9528 300.2654 300.3098 300.67 301.5876 303.051 304.7362 306.3143
-9999 -9999 -9999 -9999 -9999 -9999 -9999 -9999 -9999 -9999 -9999 -9999 -9999 -9999 -9999 -9999 -9999 -9999 -9999 -9999 -9999 -9999 -9999 -9999 -9999 -9999 -9999 -9999 -9999 -9999 -9999 -9999 -9999 -9999 320.9385 321.0779 320.9454 320.6055 320.0107 318.8802 317.4909 315.6282 313.441 311.2588 308.7402 306.5577 304.1042 301.6925 299.8242 298.7362 298.5891 298.2408 297.6894 297.2245 296.8969 296.794 296.8398 297.0012 296.8479 296.9511 298.5839 299.6825 299.9319 300.0607 300.5572 301.5683 303.1128 304.8378 306.3904
