sve_1_dem_16m_aggr.asc
ncols         160
nrows         233
xllcorner     383056
yllcorner     7542000
cellsize      16
NODATA_value  -9999
[rows 120 to 149 of 233, columns 69 to 137 of 160]
316.8976 318.1121 319.157 320.1537 321.273 322.8631 324.3049 325.8245 327.2801 328.6687 330.4708 332.1761 334.0292 335.6247 336.817 337.991 338.9153 339.8937 340.8529 341.7071 342.6361 343.3617 344.0952 344.8201 345.5524 346.5487 347.4283 348.335 349.141 349.7667 350.2876 350.5283 350.611 350.5543 -9999 -9999 -9999 -9999 -9999 -9999 -9999 -9999 -9999 -9999 -9999 -9999 -9999 -9999 -9999 -9999 -9999 -9999 -9999 -9999 -9999 -9999 -9999 -9999 -9999 -9999 -9999 -9999 -9999 -9999 -9999 -9999 -9999 -9999 -9999
317.0933 318.2744 319.3418 320.4187 321.6084 323.2271 324.6471 326.1319 327.5733 328.9536 330.7603 332.4745 334.284 335.8047 336.9393 338.0729 338.9816 339.9484 340.8904 341.729 342.6441 343.3604 344.0896 344.8201 345.5589 346.5576 347.4586 348.4016 349.2361 349.8698 350.373 350.5877 350.6414 -9999 -9999 -9999 -9999 -9999 -9999 -9999 -9999 -9999 -9999 -9999 -9999 -9999 -9999 -9999 -9999 -9999 -9999 -9999 -9999 -9999 -9999 -9999 -9999 -9999 -9999 -9999 -9999 -9999 -9999 -9999 -9999 -9999 -9999 -9999 -9999
317.2846 318.4321 319.5313 320.7209 321.9942 323.6219 325.0203 326.4776 327.8942 329.2489 331.0443 332.7418 334.4833 335.9413 337.045 338.1456 339.0352 339.989 340.9176 341.7428 342.6481 343.3622 344.0916 344.8281 345.5705 346.5558 347.467 348.4397 349.3027 349.9474 350.4354 350.6209 350.6425 350.5451 -9999 -9999 -9999 -9999 -9999 -9999 -9999 -9999 -9999 -9999 -9999 -9999 -9999 -9999 -9999 -9999 -9999 -9999 -9999 -9999 -9999 -9999 -9999 -9999 -9999 -9999 -9999 -9999 -9999 -9999 -9999 -9999 -9999 -9999 -9999
317.4937 318.6153 319.7594 321.0776 322.4771 324.1598 325.5337 326.9398 328.32 329.6731 331.4804 333.1558 334.8327 336.1767 337.1955 338.2355 339.0884 340.0083 340.922 341.7446 342.6517 343.3711 344.1003 344.8142 345.5291 346.5162 347.4402 348.4294 349.3136 349.976 350.4566 350.6076 350.5903 350.4788 350.3868 -9999 -9999 -9999 -9999 -9999 -9999 -9999 -9999 -9999 -9999 -9999 -9999 -9999 -9999 -9999 -9999 -9999 -9999 -9999 -9999 -9999 -9999 -9999 -9999 -9999 -9999 -9999 -9999 -9999 -9999 -9999 -9999 -9999 -9999
317.6255 318.7531 319.9568 321.4005 322.9089 324.657 325.9959 327.3345 328.6804 330.0489 331.8841 333.5492 335.1797 336.4171 337.3499 338.3215 339.1326 340.0172 340.9112 341.7292 342.6447 343.3767 344.1156 344.8191 345.5096 346.4854 347.3895 348.3521 349.2214 349.8868 350.3788 350.5186 350.4813 350.3777 350.3203 350.3303 -9999 -9999 -9999 -9999 -9999 -9999 -9999 -9999 -9999 -9999 -9999 -9999 -9999 -9999 -9999 -9999 -9999 -9999 -9999 -9999 -9999 -9999 -9999 -9999 -9999 -9999 -9999 -9999 -9999 -9999 -9999 -9999 -9999
317.7053 318.8898 320.193 321.7564 323.3478 325.1396 326.4401 327.7167 329.022 330.3921 332.272 333.9154 335.471 336.6546 337.5291 338.4267 339.1823 340.0235 340.8908 341.6964 342.6159 343.3679 344.14 344.8773 345.578 346.4857 347.3099 348.1902 348.9932 349.6237 350.1266 350.2896 350.2755 350.2125 350.1902 350.2153 350.2559 -9999 -9999 -9999 -9999 -9999 -9999 -9999 -9999 -9999 -9999 -9999 -9999 -9999 -9999 -9999 -9999 -9999 -9999 -9999 -9999 -9999 -9999 -9999 -9999 -9999 -9999 -9999 -9999 -9999 -9999 -9999 -9999
317.7271 319.0131 320.456 322.0863 323.6799 325.4489 326.7489 328.0268 329.3212 330.6976 332.6216 334.2588 335.7491 336.8737 337.7039 338.5405 339.2375 340.0233 340.8553 341.6408 342.5544 343.3279 344.1481 344.9382 345.6475 346.4726 347.1835 347.937 348.6291 349.1808 349.647 349.8524 349.9229 349.9295 349.9447 349.9916 350.0449 350.0987 -9999 -9999 -9999 -9999 -9999 -9999 -9999 -9999 -9999 -9999 -9999 -9999 -9999 -9999 -9999 -9999 -9999 -9999 -9999 -9999 -9999 -9999 -9999 -9999 -9999 -9999 -9999 -9999 -9999 -9999 -9999
317.7267 319.0895 320.6279 322.3131 323.8945 325.6235 326.9359 328.2493 329.5948 331.0157 332.9374 334.5553 335.9946 337.0598 337.8518 338.6471 339.3002 340.0324 340.813 341.5662 342.4664 343.2493 344.1023 344.9303 345.637 346.3888 346.9981 347.6291 348.2083 348.6758 349.0924 349.3225 349.4641 349.5381 349.5949 349.6739 349.7541 349.8443 349.9301 -9999 -9999 -9999 -9999 -9999 -9999 -9999 -9999 -9999 -9999 -9999 -9999 -9999 -9999 -9999 -9999 -9999 -9999 -9999 -9999 -9999 -9999 -9999 -9999 -9999 -9999 -9999 -9999 -9999 -9999
317.7301 319.1517 320.7521 322.4909 324.0782 325.7719 327.0689 328.4089 329.8308 331.3182 333.2348 334.8142 336.2084 337.2395 338.0026 338.7658 339.3772 340.0399 340.7451 341.4445 342.3069 343.0739 343.9221 344.7522 345.4498 346.1364 346.6537 347.1759 347.6519 348.0403 348.4027 348.6309 348.8051 348.9249 349.0186 349.139 349.2625 349.4182 349.5971 349.7746 -9999 -9999 -9999 -9999 -9999 -9999 -9999 -9999 -9999 -9999 -9999 -9999 -9999 -9999 -9999 -9999 -9999 -9999 -9999 -9999 -9999 -9999 -9999 -9999 -9999 -9999 -9999 -9999 -9999
317.7198 319.2064 320.8628 322.599 324.1765 325.8462 327.1102 328.4402 329.8771 331.4069 333.381 334.9753 336.3471 337.3589 338.1039 338.8364 339.4134 340.0272 340.6693 341.3065 342.1035 342.8255 343.6295 344.4217 345.0996 345.7498 346.2286 346.7142 347.1519 347.5031 347.8276 348.0341 348.1958 348.3124 348.4084 348.5419 348.6978 348.9144 349.1883 349.4791 349.833 -9999 -9999 -9999 -9999 -9999 -9999 -9999 -9999 -9999 -9999 -9999 -9999 -9999 -9999 -9999 -9999 -9999 -9999 -9999 -9999 -9999 -9999 -9999 -9999 -9999 -9999 -9999 -9999
317.6665 319.2177 320.9243 322.6415 324.1757 325.8061 327.0582 328.38 329.8125 331.3944 333.4629 335.0729 336.4587 337.459 338.1676 338.8481 339.3844 339.9585 340.5464 341.1084 341.8038 342.4454 343.172 343.894 344.5248 345.1623 345.6486 346.1552 346.6041 346.9457 347.2407 347.4163 347.544 347.6248 347.6867 347.792 347.9522 348.2173 348.5958 349.0246 349.5716 350.0065 -9999 -9999 -9999 -9999 -9999 -9999 -9999 -9999 -9999 -9999 -9999 -9999 -9999 -9999 -9999 -9999 -9999 -9999 -9999 -9999 -9999 -9999 -9999 -9999 -9999 -9999 -9999
317.5411 319.1412 320.8689 322.5647 324.0494 325.6354 326.885 328.2298 329.7235 331.3984 333.575 335.2183 336.5934 337.5245 338.1478 338.7469 339.2399 339.7809 340.3264 340.8227 341.4028 341.9358 342.5614 343.2039 343.7881 344.4434 344.9779 345.5437 346.0373 346.3899 346.6768 346.835 346.9332 346.966 346.9644 346.9825 347.0913 347.3624 347.8333 348.4078 349.1723 349.7972 350.3257 -9999 -9999 -9999 -9999 -9999 -9999 -9999 -9999 -9999 -9999 -9999 -9999 -9999 -9999 -9999 -9999 -9999 -9999 -9999 -9999 -9999 -9999 -9999 -9999 -9999 -9999
317.349 319.0114 320.7561 322.4226 323.8572 325.3987 326.6402 328.0089 329.5838 331.3578 333.6927 335.4259 336.7374 337.5276 338.0348 338.5472 338.9997 339.5116 340.0212 340.4647 340.9463 341.3724 341.8957 342.4773 343.0405 343.7178 344.2995 344.9134 345.447 345.821 346.1312 346.2998 346.3982 346.4062 346.3479 346.253 346.2649 346.4996 347.0361 347.7374 348.7009 349.504 350.1981 350.5803 -9999 -9999 -9999 -9999 -9999 -9999 -9999 -9999 -9999 -9999 -9999 -9999 -9999 -9999 -9999 -9999 -9999 -9999 -9999 -9999 -9999 -9999 -9999 -9999 -9999
316.9922 318.7857 320.5878 322.2013 323.555 325.0259 326.2489 327.6165 329.1827 330.9546 333.5457 335.4827 336.6997 337.327 337.7393 338.1802 338.5862 339.0589 339.5245 339.9164 340.3096 340.6304 341.0408 341.5766 342.1339 342.8101 343.3961 344.0106 344.5605 344.9878 345.3772 345.6005 345.7541 345.7926 345.7231 345.5252 345.4089 345.5604 346.1133 346.919 348.0753 349.0688 349.9683 350.4878 -9999 -9999 -9999 -9999 -9999 -9999 -9999 -9999 -9999 -9999 -9999 -9999 -9999 -9999 -9999 -9999 -9999 -9999 -9999 -9999 -9999 -9999 -9999 -9999 -9999
316.5226 318.4586 320.3252 321.9166 323.2151 324.6246 325.822 327.1802 328.6967 330.3647 332.9197 334.909 336.1648 336.8587 337.3146 337.7513 338.1236 338.554 338.9825 339.3416 339.6952 339.972 340.3261 340.8299 341.3636 341.9984 342.5385 343.1066 343.6428 344.101 344.5612 344.8696 345.1116 345.2264 345.2111 345.0327 344.8976 344.9925 345.4876 346.3047 347.5471 348.638 349.6664 350.2995 -9999 -9999 -9999 -9999 -9999 -9999 -9999 -9999 -9999 -9999 -9999 -9999 -9999 -9999 -9999 -9999 -9999 -9999 -9999 -9999 -9999 -9999 -9999 -9999 -9999
315.7877 317.8644 319.8123 321.4314 322.7183 324.0945 325.2687 326.6235 328.1074 329.6418 331.7134 333.463 334.9825 336.0302 336.6487 337.1327 337.4964 337.8972 338.2943 338.6329 338.9796 339.2647 339.6237 340.0782 340.5504 341.1109 341.5738 342.0717 342.5794 343.0499 343.5703 343.9641 344.304 344.5186 344.5938 344.5433 344.5076 344.6328 345.0837 345.8392 347.0463 348.1306 349.1747 349.885 350.1836 -9999 -9999 -9999 -9999 -9999 -9999 -9999 -9999 -9999 -9999 -9999 -9999 -9999 -9999 -9999 -9999 -9999 -9999 -9999 -9999 -9999 -9999 -9999 -9999
314.7175 316.9013 318.9383 320.6494 322.0091 323.4273 324.6129 325.9586 327.3734 328.6893 330.2175 331.676 333.4243 334.8447 335.6618 336.2613 336.6812 337.1096 337.5081 337.8477 338.2149 338.5335 338.9104 339.3301 339.748 340.2367 340.6264 341.0553 341.5356 342.0216 342.5914 343.0458 343.4674 343.7783 343.9685 344.102 344.2193 344.4529 344.9193 345.5957 346.6484 347.6175 348.5749 349.2836 349.6675 -9999 -9999 -9999 -9999 -9999 -9999 -9999 -9999 -9999 -9999 -9999 -9999 -9999 -9999 -9999 -9999 -9999 -9999 -9999 -9999 -9999 -9999 -9999 -9999
313.5255 315.6828 317.7678 319.6159 321.131 322.645 323.8703 325.2255 326.5753 327.7463 329.0372 330.3278 332.0019 333.4823 334.4485 335.2171 335.747 336.258 336.6989 337.0641 337.4642 337.8108 338.1992 338.6055 338.9993 339.4514 339.8117 340.2085 340.6797 341.1876 341.7957 342.2899 342.7675 343.1599 343.4555 343.7492 344.005 344.3496 344.8432 345.4537 346.3406 347.1661 348.0106 348.6836 349.1074 -9999 -9999 -9999 -9999 -9999 -9999 -9999 -9999 -9999 -9999 -9999 -9999 -9999 -9999 -9999 -9999 -9999 -9999 -9999 -9999 -9999 -9999 -9999 -9999
311.9565 313.9365 316.0212 317.9965 319.699 321.4057 322.7676 324.2092 325.5566 326.6972 327.9872 329.1804 330.5579 331.8203 332.7962 333.7302 334.4177 335.0725 335.6157 336.0555 336.5147 336.8867 337.2877 337.7036 338.1064 338.5761 338.972 339.4181 339.9228 340.445 341.085 341.6075 342.1226 342.5816 342.9709 343.4069 343.7887 344.2339 344.7442 345.2845 346.0058 346.6786 347.3979 348.0165 348.4509 -9999 -9999 -9999 -9999 -9999 -9999 -9999 -9999 -9999 -9999 -9999 -9999 -9999 -9999 -9999 -9999 -9999 -9999 -9999 -9999 -9999 -9999 -9999 -9999
310.618 312.4359 314.4338 316.3587 318.0901 320.051 321.6433 323.2277 324.6261 325.8044 327.1249 328.2451 329.4214 330.4736 331.3596 332.3443 333.1351 333.9055 334.5592 335.0847 335.6147 336.0209 336.4478 336.8937 337.3315 337.8631 338.3344 338.8712 339.448 340.0104 340.6725 341.2029 341.7273 342.213 342.6495 343.1646 343.6162 344.1138 344.6202 345.1034 345.7173 346.3006 346.9422 347.5137 347.9349 -9999 -9999 -9999 -9999 -9999 -9999 -9999 -9999 -9999 -9999 -9999 -9999 -9999 -9999 -9999 -9999 -9999 -9999 -9999 -9999 -9999 -9999 -9999 -9999
309.3495 311.0517 312.9017 314.6544 316.3008 318.4732 320.3105 322.054 323.5225 324.7638 326.1181 327.1768 328.2085 329.1229 329.9237 330.8878 331.7346 332.583 333.3184 333.9199 334.5406 335.0187 335.5075 336.007 336.5056 337.1301 337.701 338.3523 339.0321 339.6655 340.3642 340.8903 341.4035 341.9013 342.3717 342.9433 343.4414 343.9713 344.4701 344.9074 345.4351 345.9553 346.5327 347.0496 347.4398 -9999 -9999 -9999 -9999 -9999 -9999 -9999 -9999 -9999 -9999 -9999 -9999 -9999 -9999 -9999 -9999 -9999 -9999 -9999 -9999 -9999 -9999 -9999 -9999
308.3582 310.0744 311.7999 313.3879 314.912 316.9757 318.8308 320.6574 322.235 323.5759 324.9815 326.0212 327.0131 327.9032 328.6831 329.611 330.4383 331.2817 332.026 332.6667 333.3862 333.9764 334.5806 335.1674 335.7351 336.4565 337.1314 337.9034 338.6856 339.3844 340.1161 340.6234 341.1208 341.64 342.1513 342.7753 343.3045 343.8488 344.3434 344.7647 345.2548 345.7137 346.2184 346.6689 347.0103 -9999 -9999 -9999 -9999 -9999 -9999 -9999 -9999 -9999 -9999 -9999 -9999 -9999 -9999 -9999 -9999 -9999 -9999 -9999 -9999 -9999 -9999 -9999 -9999
307.7194 309.4967 311.1271 312.5641 313.9232 315.6912 317.3453 319.1636 320.8856 322.3334 323.7857 324.8499 325.8838 326.8232 327.6294 328.544 329.3273 330.1279 330.8463 331.4963 332.3162 333.0392 333.7848 334.4777 335.1076 335.9059 336.6817 337.5679 338.4255 339.1481 339.8587 340.3478 340.8499 341.4082 341.9766 342.6635 343.223 343.7756 344.2661 344.6812 345.1484 345.5571 345.9921 346.3697 346.6515 346.8809 -9999 -9999 -9999 -9999 -9999 -9999 -9999 -9999 -9999 -9999 -9999 -9999 -9999 -9999 -9999 -9999 -9999 -9999 -9999 -9999 -9999 -9999 -9999
307.4642 309.1523 310.6169 311.8624 313.0044 314.4176 315.7607 317.4317 319.1779 320.6802 322.181 323.3185 324.4533 325.5067 326.3896 327.3354 328.1026 328.8744 329.5838 330.2477 331.1789 332.0512 332.9713 333.8141 334.5437 335.4352 336.3268 337.3324 338.2484 338.9634 339.6104 340.0569 340.5516 341.173 341.8243 342.5877 343.1804 343.7411 344.2211 344.6219 345.062 345.4243 345.7818 346.0685 346.2649 346.4139 -9999 -9999 -9999 -9999 -9999 -9999 -9999 -9999 -9999 -9999 -9999 -9999 -9999 -9999 -9999 -9999 -9999 -9999 -9999 -9999 -9999 -9999 -9999
307.5196 309.0016 310.3322 311.4477 312.4675 313.6754 314.8098 316.2016 317.6869 319.0824 320.6563 321.8867 323.0829 324.2242 325.2189 326.2881 327.1071 327.9063 328.6611 329.3884 330.3755 331.3314 332.3875 333.3784 334.2363 335.2558 336.2233 337.2894 338.2412 338.9598 339.5703 339.9651 340.4225 341.0814 341.7823 342.5746 343.17 343.7223 344.1871 344.5706 344.9865 345.3176 345.6239 345.8383 345.956 346.0196 -9999 -9999 -9999 -9999 -9999 -9999 -9999 -9999 -9999 -9999 -9999 -9999 -9999 -9999 -9999 -9999 -9999 -9999 -9999 -9999 -9999 -9999 -9999
307.6202 308.9342 310.1953 311.2661 312.2136 313.2803 314.2094 315.2582 316.3297 317.4232 318.9362 320.2465 321.4908 322.709 323.8545 325.1292 326.0576 326.9453 327.7983 328.6149 329.6697 330.6906 331.8622 333.0178 334.0443 335.2221 336.2607 337.3705 338.3666 339.1247 339.7434 340.0973 340.5113 341.1571 341.8445 342.6074 343.1707 343.6873 344.1222 344.483 344.8743 345.1809 345.4523 345.6079 345.6493 345.6156 -9999 -9999 -9999 -9999 -9999 -9999 -9999 -9999 -9999 -9999 -9999 -9999 -9999 -9999 -9999 -9999 -9999 -9999 -9999 -9999 -9999 -9999 -9999
307.7499 309.0116 310.2521 311.3542 312.3027 313.3533 314.218 315.0603 315.7351 316.3451 317.4591 318.6849 320.0005 321.2796 322.5426 323.9665 325.0301 326.0609 327.0387 327.9485 329.0868 330.1605 331.4111 332.7235 333.935 335.2848 336.3734 337.5126 338.5745 339.4196 340.1058 340.4554 340.8382 341.3931 341.9836 342.6589 343.1651 343.6276 344.0144 344.3384 344.6978 344.9831 345.2344 345.3646 345.366 345.2773 -9999 -9999 -9999 -9999 -9999 -9999 -9999 -9999 -9999 -9999 -9999 -9999 -9999 -9999 -9999 -9999 -9999 -9999 -9999 -9999 -9999 -9999 -9999
307.9034 309.1831 310.4245 311.5599 312.551 313.6691 314.6009 315.4282 315.8969 316.1696 316.8384 317.8055 319.0226 320.2893 321.5584 323.0272 324.1748 325.3181 326.4002 327.3878 328.5878 329.6957 331.0022 332.4423 333.8111 335.3094 336.436 337.6104 338.7435 339.6802 340.4359 340.8151 341.1852 341.6351 342.1122 342.6841 343.1301 343.5413 343.879 344.1583 344.4733 344.7269 344.9504 345.07 345.0761 345.0041 -9999 -9999 -9999 -9999 -9999 -9999 -9999 -9999 -9999 -9999 -9999 -9999 -9999 -9999 -9999 -9999 -9999 -9999 -9999 -9999 -9999 -9999 -9999
308.0687 309.4305 310.7424 311.9091 312.9379 314.1139 315.052 315.8689 316.368 316.6076 317.0043 317.6456 318.5942 319.7289 320.8753 322.2578 323.4038 324.5936 325.7379 326.7865 328.0376 329.1703 330.5165 332.0477 333.515 335.125 336.3483 337.5939 338.7771 339.7617 340.589 341.0551 341.4641 341.8474 342.2133 342.6564 343.0215 343.3706 343.6568 343.8852 344.1354 344.3356 344.5135 344.6198 344.657 344.6461 -9999 -9999 -9999 -9999 -9999 -9999 -9999 -9999 -9999 -9999 -9999 -9999 -9999 -9999 -9999 -9999 -9999 -9999 -9999 -9999 -9999 -9999 -9999
308.1287 309.5597 310.9706 312.2093 313.2974 314.4936 315.3974 316.1781 316.7157 317.0525 317.4432 317.9484 318.7099 319.6775 320.671 321.894 322.963 324.1194 325.2651 326.3357 327.6093 328.7534 330.1054 331.6373 333.1331 334.8313 336.149 337.4374 338.6072 339.5737 340.472 341.0565 341.5528 341.9367 342.2414 342.5781 342.8621 343.1484 343.3934 343.5873 343.7878 343.9428 344.0853 344.1871 344.2473 344.2819 344.2906 -9999 -9999 -9999 -9999 -9999 -9999 -9999 -9999 -9999 -9999 -9999 -9999 -9999 -9999 -9999 -9999 -9999 -9999 -9999 -9999 -9999 -9999
