sve_1_dem_16m_aggr.asc
ncols         160
nrows         233
xllcorner     383056
yllcorner     7542000
cellsize      16
NODATA_value  -9999
[rows 90 to 119 of 233, columns 0 to 68 of 160]
-9999 -9999 -9999 -9999 -9999 -9999 -9999 -9999 -9999 -9999 -9999 -9999 -9999 -9999 -9999 -9999 -9999 285.7649 285.779 285.5514 285.2345 284.8752 284.5354 284.2403 283.9223 283.6926 283.5045 283.4105 283.4155 283.5239 283.7377 284.0397 284.4429 284.8676 285.4138 285.8748 286.239 286.379 286.2829 285.8219 284.7495 281.6775 278.4238 278.7286 280.3702 281.174 281.9982 282.8322 283.5779 284.2905 284.6794 284.9683 285.1966 285.3265 285.3249 285.187 284.9717 285.2362 286.1305 287.7264 289.2286 290.757 292.2786 293.7118 295.366 296.7078 298.1063 299.5576 301.048
-9999 -9999 -9999 -9999 -9999 -9999 -9999 -9999 -9999 -9999 -9999 -9999 -9999 -9999 -9999 -9999 -9999 286.0631 286.0853 285.8975 285.606 285.2562 284.9218 284.6291 284.3159 284.0923 283.9049 283.8038 283.7966 283.8897 284.0772 284.3531 284.7324 285.1339 285.6465 286.076 286.3986 286.4936 286.3372 285.727 284.3714 281.3447 278.5569 278.3229 279.4288 280.2547 281.0914 281.8472 282.4981 283.1715 283.6498 284.0919 284.3927 284.5571 284.6507 284.6685 284.7216 285.2471 286.2788 287.9706 289.502 291.1166 292.707 294.1691 295.8624 297.2942 298.8461 300.5014 302.2234
-9999 -9999 -9999 -9999 -9999 -9999 -9999 -9999 -9999 -9999 -9999 -9999 -9999 -9999 -9999 -9999 -9999 286.4243 286.4241 286.2441 285.9701 285.6211 285.2678 284.9613 284.6467 284.4231 284.2332 284.1221 284.0965 284.1691 284.328 284.5832 284.9317 285.3067 285.7781 286.1634 286.4479 286.5042 286.3142 285.6568 284.3374 281.8856 279.5497 278.4566 278.4077 278.9129 280.1916 281.014 281.5321 282.1205 282.6216 283.1459 283.4866 283.7371 284.0111 284.2108 284.5139 285.2404 286.3962 288.0999 289.678 291.3669 293.008 294.5162 296.3201 297.9089 299.6612 301.502 303.3121
-9999 -9999 -9999 -9999 -9999 -9999 -9999 -9999 -9999 -9999 -9999 -9999 -9999 -9999 -9999 -9999 -9999 286.977 286.9031 286.6807 286.3951 286.0319 285.6497 285.3175 284.9894 284.7591 284.5607 284.4355 284.3868 284.4277 284.5502 284.7708 285.0793 285.4139 285.8341 286.1626 286.4114 286.4607 286.3023 285.7921 285.0433 283.7191 281.4728 279.5119 278.2837 278.038 279.3177 280.0527 280.4778 280.9902 281.4447 281.8692 282.2404 282.8544 283.3482 283.5251 283.8239 284.8515 286.3897 288.2068 289.8304 291.5702 293.2934 294.9148 296.9074 298.7028 300.6846 302.6689 304.4622
-9999 -9999 -9999 -9999 -9999 -9999 -9999 -9999 -9999 -9999 -9999 -9999 -9999 -9999 -9999 -9999 -9999 287.5421 287.3677 287.0622 286.7347 286.3426 285.9401 285.5912 285.2412 284.9998 284.7946 284.6588 284.5916 284.6018 284.6887 284.8661 285.1328 285.4179 285.7814 286.0687 286.299 286.3955 286.3362 286.0038 285.5118 284.9454 283.0861 280.7798 279.2216 278.8569 279.01 279.2458 279.6381 280.1471 280.5888 281.0361 281.5692 282.3082 282.8387 282.9757 283.2768 284.4422 286.227 288.2464 289.9071 291.6919 293.5157 295.2794 297.4615 299.407 301.5117 303.519 305.2378
-9999 -9999 -9999 -9999 -9999 -9999 -9999 -9999 -9999 -9999 -9999 -9999 -9999 -9999 -9999 -9999 -9999 288.2004 287.8915 287.4605 287.0623 286.6223 286.1951 285.8284 285.4597 285.2091 285.003 284.8625 284.78 284.753 284.7939 284.9172 285.128 285.3619 285.6553 285.8956 286.113 286.2611 286.3087 286.163 285.7502 285.3505 284.3696 282.3324 280.596 279.9048 279.172 278.8093 278.9757 279.4307 279.9159 280.5222 281.2549 281.9619 282.4119 282.5896 283.0515 284.3603 286.1411 288.1915 289.9319 291.8152 293.7599 295.6753 298.0728 300.1636 302.3433 304.3177 305.9368
-9999 -9999 -9999 -9999 -9999 -9999 -9999 -9999 -9999 -9999 -9999 -9999 -9999 -9999 -9999 -9999 -9999 288.8446 288.3923 287.8131 287.3234 286.8181 286.3564 285.9745 285.602 285.3573 285.1624 285.0293 284.9415 284.8804 284.8725 284.9303 285.0907 285.2836 285.502 285.6824 285.885 286.0593 286.155 286.0868 285.7766 285.3885 284.8206 283.4607 281.7977 280.6387 279.5269 278.8492 278.7192 279.0133 279.5089 280.1981 280.9843 281.6705 282.1653 282.4419 282.9911 284.2424 285.9242 288.1 289.9944 292.007 294.0649 296.109 298.6847 300.8741 303.0945 305.0361 306.5674
-9999 -9999 -9999 -9999 -9999 -9999 -9999 -9999 -9999 -9999 -9999 -9999 -9999 -9999 -9999 -9999 -9999 289.3689 288.7977 288.0836 287.4996 286.9202 286.4177 286.0225 285.6581 285.4344 285.2684 285.1574 285.0753 284.9992 284.9592 284.9696 285.0787 285.2243 285.3766 285.5006 285.6703 285.8401 285.9369 285.8869 285.6618 285.3731 284.966 284.0472 282.5841 281.2787 280.0147 279.1358 278.7711 278.9067 279.3061 279.9318 280.6909 281.3934 282.0387 282.4277 282.9411 283.9933 285.6698 288.0552 290.1283 292.2837 294.4679 296.6184 299.2685 301.4817 303.7003 305.6103 307.0925
-9999 -9999 -9999 -9999 -9999 -9999 -9999 -9999 -9999 -9999 -9999 -9999 -9999 -9999 -9999 -9999 -9999 289.8138 289.1478 288.3059 287.6115 286.9308 286.3678 285.9571 285.6203 285.4437 285.3328 285.2648 285.2031 285.1361 285.0924 285.0853 285.135 285.208 285.2956 285.3658 285.4664 285.5863 285.662 285.6335 285.5135 285.365 285.1174 284.4706 283.2228 281.9897 280.6946 279.6665 279.1159 279.0277 279.1861 279.6353 280.3314 281.0688 281.9071 282.4769 282.9989 283.9562 285.5831 288.0895 290.3554 292.7331 295.0982 297.3483 299.9995 302.1685 304.3117 306.1536 307.6333
-9999 -9999 -9999 -9999 -9999 -9999 -9999 -9999 -9999 -9999 -9999 -9999 -9999 -9999 -9999 -9999 -9999 290.0154 289.3234 288.4098 287.6304 286.8553 286.2285 285.806 285.5144 285.3976 285.3414 285.3121 285.2793 285.2329 285.2026 285.1914 285.2102 285.2394 285.2812 285.3147 285.3616 285.4222 285.4651 285.4509 285.3909 285.3287 285.1711 284.6774 283.6227 282.5111 281.2907 280.2401 279.5439 279.1344 279.0995 279.4132 280.0381 280.7803 281.7367 282.4713 283.1086 284.0087 285.5629 288.1732 290.6176 293.2095 295.7376 298.0311 300.6414 302.758 304.8336 306.6114 308.0699
-9999 -9999 -9999 -9999 -9999 -9999 -9999 -9999 -9999 -9999 -9999 -9999 -9999 -9999 -9999 -9999 -9999 290.0991 289.4072 288.4463 287.5917 286.7183 286.0135 285.5759 285.3636 285.3319 285.3333 285.3339 285.3233 285.2998 285.2849 285.277 285.2805 285.2871 285.2946 285.2964 285.3022 285.3196 285.3253 285.3116 285.3047 285.3288 285.2758 284.8859 283.9639 283.0081 281.9207 280.8764 280.027 279.2956 279.072 279.2425 279.7659 280.4877 281.5131 282.3901 283.196 284.0952 285.5959 288.281 290.9349 293.7982 296.4521 298.7266 301.2739 303.3717 305.4097 307.1081 308.5194
-9999 -9999 -9999 -9999 -9999 -9999 -9999 -9999 -9999 -9999 -9999 -9999 -9999 -9999 -9999 -9999 290.6354 290.0969 289.4033 288.4102 287.5072 286.5703 285.8022 285.3513 285.2368 285.2857 285.3238 285.334 285.3273 285.312 285.3014 285.3052 285.3156 285.3198 285.3165 285.3122 285.3061 285.2977 285.2705 285.2385 285.264 285.3404 285.3372 285.0139 284.2046 283.4009 282.4801 281.5071 280.5925 279.6691 279.2358 279.188 279.589 280.2619 281.2989 282.2623 283.2386 284.173 285.6115 288.4412 291.3467 294.4517 297.0904 299.2674 301.7762 303.894 305.9132 307.5602 308.9229
-9999 -9999 -9999 -9999 -9999 -9999 -9999 -9999 -9999 -9999 -9999 -9999 -9999 -9999 -9999 -9999 290.5692 290.0452 289.3451 288.335 287.4176 286.472 285.6982 285.2607 285.1842 285.2583 285.3109 285.3208 285.3044 285.2763 285.2674 285.2842 285.3185 285.3414 285.3569 285.3711 285.3746 285.3423 285.2845 285.2218 285.2432 285.3199 285.2963 285.0074 284.327 283.6609 282.9268 282.0948 281.1531 280.0629 279.4459 279.2156 279.5119 280.1304 281.1414 282.132 283.2297 284.1689 285.566 288.6411 291.7842 294.9728 297.5238 299.5936 302.1192 304.3016 306.3182 307.9288 309.2469
-9999 -9999 -9999 -9999 -9999 -9999 -9999 -9999 -9999 -9999 -9999 -9999 -9999 -9999 -9999 -9999 290.4431 289.9236 289.2324 288.234 287.3365 286.4408 285.742 285.3481 285.225 285.2544 285.2917 285.286 285.245 285.1917 285.1803 285.2157 285.2895 285.3684 285.4628 285.5346 285.5734 285.5306 285.424 285.2819 285.2583 285.3132 285.2708 284.9837 284.4037 283.8828 283.3362 282.6554 281.6758 280.3701 279.5821 279.3015 279.5306 280.0852 281.0696 282.0543 283.1656 284.131 285.5248 288.8574 292.3056 295.5287 297.9213 299.8779 302.4797 304.7254 306.7319 308.3 309.5912
-9999 -9999 -9999 -9999 -9999 -9999 -9999 -9999 -9999 -9999 -9999 -9999 -9999 -9999 -9999 -9999 290.3256 289.8039 289.132 288.1674 287.3089 286.4718 285.8334 285.459 285.2843 285.2626 285.2678 285.2331 285.1711 285.1051 285.0871 285.1301 285.2426 285.3983 285.6149 285.7665 285.8564 285.8293 285.6978 285.4891 285.3934 285.3878 285.3207 285.0328 284.5083 284.0529 283.5413 282.8357 281.8742 280.5704 279.7465 279.4223 279.5938 280.1204 281.1283 282.1649 283.2538 284.134 285.536 289.0203 292.6118 295.8795 298.2798 300.2971 302.9818 305.1807 307.0631 308.5498 309.8214
-9999 -9999 -9999 -9999 -9999 -9999 -9999 -9999 -9999 -9999 -9999 -9999 -9999 -9999 -9999 -9999 290.2072 289.6919 289.0485 288.1395 287.3315 286.533 285.9005 285.5054 285.2907 285.2346 285.2093 285.1601 285.0941 285.0259 285.0106 285.0623 285.2196 285.485 285.8563 286.1038 286.2548 286.2505 286.12 285.8844 285.7093 285.5835 285.4424 285.1813 284.7083 284.23 283.6495 282.8674 281.937 280.7399 279.9271 279.5065 279.6636 280.2161 281.2574 282.3135 283.3643 284.2792 285.7434 289.1906 292.6609 295.955 298.6176 300.88 303.5891 305.6545 307.3625 308.7248 309.9616
-9999 -9999 -9999 -9999 -9999 -9999 -9999 -9999 -9999 -9999 -9999 -9999 -9999 -9999 -9999 -9999 290.1001 289.6135 289.0198 288.1831 287.4243 286.6313 285.9423 285.4684 285.2076 285.1615 285.1616 285.1332 285.0693 285.0002 285.0077 285.1044 285.3373 285.7069 286.1956 286.5081 286.6777 286.683 286.5886 286.3533 286.1069 285.8849 285.6923 285.4513 284.974 284.3894 283.7054 282.8896 281.975 280.8488 280.0419 279.5752 279.7597 280.3429 281.3815 282.3846 283.3813 284.4295 286.0794 289.5278 292.88 296.0624 298.761 301.1448 303.8955 305.9022 307.5341 308.8154 310.04
-9999 -9999 -9999 -9999 -9999 -9999 -9999 -9999 -9999 -9999 -9999 -9999 -9999 -9999 -9999 -9999 290.0337 289.5857 289.0495 288.2888 287.5751 286.7844 286.0371 285.4666 285.1397 285.1334 285.2049 285.2005 285.126 285.0487 285.0912 285.265 285.5891 286.0167 286.5456 286.8633 286.9803 286.961 286.9229 286.7487 286.502 286.2594 286.0267 285.7519 285.2107 284.4899 283.7236 282.9078 282.0136 280.9432 280.1893 279.7533 279.9026 280.4515 281.4533 282.4164 283.3842 284.5228 286.2829 289.8395 293.2563 296.2312 298.696 301.0067 303.8778 305.9648 307.6044 308.8864 310.176
-9999 -9999 -9999 -9999 -9999 -9999 -9999 -9999 -9999 -9999 -9999 -9999 -9999 -9999 -9999 -9999 290.0113 289.6238 289.1646 288.5 287.8477 287.0912 286.3443 285.7421 285.3267 285.2946 285.3986 285.4185 285.3558 285.2875 285.3672 285.6039 285.9833 286.4223 286.8898 287.08 287.0757 287.0277 287.0297 287.05 287.0946 286.9711 286.5474 286.0097 285.2447 284.4626 283.6971 282.903 282.0656 281.0783 280.4022 279.9889 280.0756 280.5679 281.4922 282.4135 283.4124 284.602 286.2836 289.8152 293.3034 296.2443 298.5196 300.6736 303.6663 305.8883 307.595 308.9468 310.356
-9999 -9999 -9999 -9999 -9999 -9999 -9999 -9999 -9999 -9999 -9999 -9999 -9999 -9999 -9999 -9999 290.0338 289.7107 289.3264 288.7534 288.1693 287.4817 286.7999 286.2493 285.826 285.7147 285.7391 285.762 285.7519 285.7607 285.8606 286.0686 286.3788 286.7288 287.041 287.0813 286.9838 286.9247 287.0289 287.4375 287.9267 287.9791 287.1344 285.997 285.0223 284.41 283.7495 282.9644 282.1516 281.2094 280.5655 280.1597 280.2163 280.6649 281.5269 282.4198 283.4836 284.7416 286.4872 289.9416 293.2656 296.2284 298.4971 300.5695 303.4986 305.7356 307.4943 308.9787 310.5399
-9999 -9999 -9999 -9999 -9999 -9999 -9999 -9999 -9999 -9999 -9999 -9999 -9999 -9999 -9999 -9999 290.0847 289.8406 289.547 289.088 288.5996 288.0165 287.4321 286.9557 286.5602 286.3824 286.3082 286.32 286.3838 286.5134 286.6547 286.7917 286.8889 286.9731 287.0198 286.9891 286.8832 286.8275 287.1767 288.1811 289.0576 289.331 287.9525 285.8525 284.8676 284.6054 283.9905 283.1496 282.3047 281.3634 280.7324 280.3352 280.3667 280.7817 281.6221 282.5214 283.651 285.0033 286.8713 290.4957 293.7234 296.5165 298.6441 300.5659 303.2416 305.4178 307.3142 309.0466 310.8689
-9999 -9999 -9999 -9999 -9999 -9999 -9999 -9999 -9999 -9999 -9999 -9999 -9999 -9999 -9999 -9999 290.1526 289.9862 289.7849 289.4589 289.0946 288.6305 288.1382 287.7216 287.3492 287.1406 287.0206 287.0403 287.171 287.4287 287.6516 287.7699 287.5961 287.2108 286.8252 286.8444 286.978 287.0932 287.7102 288.9786 289.9174 290.1917 288.7468 286.3568 285.2729 285.0938 284.3689 283.4026 282.5007 281.5496 280.9178 280.5076 280.5037 280.8878 281.747 282.6886 283.8059 285.2434 287.3145 291.0447 294.3732 296.9814 298.8719 300.6064 303.0752 305.184 307.2094 309.1682 311.21
-9999 -9999 -9999 -9999 -9999 -9999 -9999 -9999 -9999 -9999 -9999 -9999 -9999 -9999 -9999 -9999 290.216 290.1064 289.9802 289.7884 289.5582 289.2035 288.7748 288.3966 288.046 287.8379 287.7196 287.7618 287.9398 288.2888 288.6017 288.7873 288.5181 287.7295 286.7285 286.8083 287.3214 287.8346 288.57 289.6296 290.3094 290.4033 289.2885 287.5062 286.0675 285.4355 284.6293 283.6244 282.7041 281.7471 281.1058 280.681 280.6506 280.9483 281.821 282.8257 283.9509 285.4366 287.5118 291.084 294.5503 297.1584 298.9956 300.7503 303.1958 305.2643 307.2902 309.3301 311.4412
-9999 -9999 -9999 -9999 -9999 -9999 -9999 -9999 -9999 -9999 -9999 -9999 -9999 -9999 -9999 -9999 290.2715 290.2069 290.1399 290.0665 289.9848 289.7569 289.3922 289.0623 288.7586 288.5882 288.5094 288.5856 288.7903 289.1734 289.5348 289.8216 289.7292 289.0385 287.6489 287.6172 288.2396 288.9691 289.6188 290.1921 290.4794 290.4857 289.8308 288.6362 287.0575 285.8864 284.8414 283.8641 282.9549 281.9832 281.3187 280.8553 280.7422 280.9858 281.9782 283.0638 284.1954 285.6978 287.7069 290.8853 294.1003 296.7806 298.8422 300.8194 303.5157 305.6209 307.5916 309.652 311.8073
-9999 -9999 -9999 -9999 -9999 -9999 -9999 -9999 -9999 -9999 -9999 -9999 -9999 -9999 -9999 -9999 290.2977 290.258 290.2134 290.1624 290.1252 290.0033 289.7453 289.4942 289.2594 289.1421 289.1129 289.2189 289.4256 289.7735 290.0894 290.3409 290.3185 289.9268 289.1799 289.0526 289.3041 289.7958 290.2588 290.565 290.6672 290.5656 290.0205 289.0658 287.5825 286.2929 285.1144 284.1026 283.174 282.1783 281.4917 281.0044 280.907 281.2303 282.2416 283.3362 284.4201 285.8549 287.8375 290.6662 293.403 296.2094 298.6374 300.8672 303.6802 305.8628 307.9504 310.1107 312.3644
-9999 -9999 -9999 -9999 -9999 -9999 -9999 -9999 -9999 -9999 -9999 -9999 -9999 -9999 -9999 -9999 290.3073 290.2811 290.2416 290.1814 290.1388 290.0842 289.9651 289.8277 289.696 289.649 289.6765 289.8092 290.0065 290.2761 290.479 290.602 290.5584 290.4013 290.2171 290.1709 290.2198 290.4051 290.675 290.9108 290.9163 290.6505 290.0315 289.1544 287.8234 286.6165 285.4407 284.3903 283.4308 282.4053 281.7023 281.214 281.1726 281.5395 282.4968 283.6097 284.7385 286.1362 287.9534 290.4221 292.9496 295.86 298.6096 301.0575 303.877 306.1172 308.3965 310.756 313.0946
-9999 -9999 -9999 -9999 -9999 -9999 -9999 -9999 -9999 -9999 -9999 -9999 -9999 -9999 -9999 -9999 290.302 290.273 290.2328 290.1779 290.1415 290.117 290.0853 290.0501 290.0344 290.0682 290.1546 290.3055 290.4871 290.6669 290.7501 290.7547 290.6737 290.5853 290.536 290.5441 290.5817 290.6691 290.8353 291.0361 291.0093 290.6576 289.9362 289.0386 287.8284 286.7678 285.6891 284.6565 283.7076 282.6929 281.9907 281.4933 281.3989 281.6744 282.6258 283.8007 285.1294 286.6204 288.3326 290.6331 293.059 295.9945 298.8231 301.3469 304.1832 306.4527 308.8398 311.3309 313.6711
-9999 -9999 -9999 -9999 -9999 -9999 -9999 -9999 -9999 -9999 -9999 -9999 -9999 -9999 -9999 -9999 290.2843 290.2489 290.2124 290.1736 290.1552 290.157 290.1796 290.217 290.2998 290.4147 290.5641 290.7325 290.8848 290.9957 291.0032 290.929 290.7951 290.6632 290.5747 290.5732 290.6273 290.7126 290.8064 290.883 290.8126 290.4764 289.7264 288.8457 287.7681 286.8421 285.8613 284.8857 283.9953 283.0462 282.3663 281.8402 281.6498 281.8471 282.7785 283.9714 285.4033 286.9839 288.6763 290.9287 293.3399 296.269 299.0568 301.5836 304.4371 306.7334 309.1705 311.7225 314.0495
-9999 -9999 -9999 -9999 -9999 -9999 -9999 -9999 -9999 -9999 -9999 -9999 -9999 -9999 -9999 -9999 290.2539 290.2157 290.1876 290.1765 290.1906 290.2353 290.3231 290.438 290.6182 290.8068 291.0142 291.1928 291.3191 291.3905 291.3568 291.2281 291.0251 290.8229 290.643 290.5699 290.5667 290.6099 290.5748 290.2404 289.9159 289.6788 289.1359 288.5469 287.7798 287.0105 286.0971 285.1704 284.4021 283.6205 283.0045 282.4219 282.0956 282.14 283.0385 284.2905 285.6707 287.2528 288.9257 291.1676 293.5457 296.4046 299.2064 301.745 304.6055 306.9554 309.4695 312.0658 314.3839
-9999 -9999 -9999 -9999 -9999 -9999 -9999 -9999 -9999 -9999 -9999 -9999 -9999 -9999 -9999 -9999 -9999 290.1932 290.1764 290.1948 290.2478 290.3443 290.4945 290.6743 290.9199 291.1444 291.3706 291.5462 291.67 291.7409 291.6974 291.5525 291.3208 291.0858 290.8499 290.6929 290.5489 290.3911 290.118 289.2388 288.6399 288.5053 288.4787 288.3953 287.9622 287.3176 286.4459 285.535 284.8582 284.2585 283.7454 283.1288 282.5538 282.3075 283.1231 284.6485 286.0681 287.5498 289.1446 291.3974 293.6919 296.4054 299.2238 301.8002 304.715 307.1334 309.7267 312.3627 314.6489
