sve_1_dem_16m_aggr.asc
ncols         160
nrows         233
xllcorner     383056
yllcorner     7542000
cellsize      16
NODATA_value  -9999
[rows 30 to 59 of 233, columns 69 to 137 of 160]
290.6447 291.7541 292.7422 293.6664 294.6766 296.3543 298.1155 299.8545 301.3603 302.7769 304.8866 307.6129 311.0323 314.0646 316.3652 318.4689 319.9309 321.3005 322.4868 323.4916 324.6516 325.7935 327.3255 329.1012 330.8901 333.0286 334.7418 336.3528 337.6356 338.5844 339.4999 340.2884 341.266 342.2547 342.9592 343.2601 342.954 342.158 341.2694 340.8426 340.7468 340.7155 340.729 341.1097 342.0392 343.5344 344.6762 345.4445 345.9033 346.1837 346.3838 346.4992 346.6013 -9999 -9999 -9999 -9999 -9999 -9999 -9999 -9999 -9999 -9999 -9999 -9999 -9999 -9999 -9999 -9999
290.4531 291.5814 292.6359 293.6468 294.7229 296.4008 298.1596 300.0486 301.6624 303.0436 305.0583 307.612 310.9389 314.0816 316.4003 318.3658 319.6876 320.9454 322.0974 323.1153 324.3257 325.5193 327.0754 328.8985 330.7339 332.9219 334.6746 336.2937 337.5648 338.5101 339.4243 340.1646 340.9746 341.7019 342.1466 342.2126 341.9034 341.3984 340.9514 340.7039 340.6144 340.6723 340.9437 341.6493 342.7094 344.1574 345.1641 345.8228 346.1875 346.4497 346.757 347.0328 347.3178 347.5729 -9999 -9999 -9999 -9999 -9999 -9999 -9999 -9999 -9999 -9999 -9999 -9999 -9999 -9999 -9999
290.4068 291.5029 292.599 293.6997 294.8507 296.5051 298.1834 300.1123 301.8781 303.3336 305.4187 307.8643 311.0154 314.1233 316.3856 318.1977 319.3997 320.5729 321.7204 322.7762 324.038 325.2488 326.7989 328.6543 330.5281 332.7523 334.5327 336.1591 337.4379 338.4066 339.3412 340.0356 340.7099 341.2374 341.492 341.4348 341.1646 340.8593 340.6849 340.563 340.4737 340.5707 341.0439 342.0451 343.2456 344.6071 345.4639 346.0683 346.4474 346.7548 347.1576 347.5341 347.9297 348.2889 348.6047 -9999 -9999 -9999 -9999 -9999 -9999 -9999 -9999 -9999 -9999 -9999 -9999 -9999 -9999
290.4688 291.4969 292.6107 293.7851 294.9852 296.5958 298.1465 299.9358 301.794 303.4456 305.5968 307.9745 310.9878 313.9816 316.1544 317.8465 318.9736 320.1129 321.284 322.3887 323.6841 324.864 326.3837 328.2737 330.1875 332.4464 334.2405 335.8993 337.2259 338.2431 339.222 339.9048 340.4812 340.8354 340.9499 340.8454 340.6462 340.4759 340.43 340.3723 340.2976 340.4206 341.0482 342.346 343.7424 345.0957 345.8074 346.35 346.7836 347.183 347.6888 348.1366 348.5983 349.0231 349.4061 349.8752 -9999 -9999 -9999 -9999 -9999 -9999 -9999 -9999 -9999 -9999 -9999 -9999 -9999
290.4859 291.4967 292.6354 293.8527 295.0629 296.6426 298.1189 299.8121 301.6432 303.3358 305.4261 307.7768 310.751 313.6329 315.7527 317.4473 318.5687 319.7202 320.9238 322.0694 323.3952 324.5638 326.0625 327.9668 329.8945 332.1691 333.9699 335.6591 337.0295 338.0824 339.1041 339.8094 340.3563 340.6206 340.6697 340.5713 340.45 340.3488 340.2875 340.2226 340.1877 340.4069 341.2003 342.61 344.0306 345.3515 346.0505 346.5988 347.0858 347.5559 348.1339 348.6208 349.1078 349.5561 349.9651 350.4583 350.8571 351.2048 -9999 -9999 -9999 -9999 -9999 -9999 -9999 -9999 -9999 -9999 -9999
290.4178 291.4643 292.6658 293.9262 295.1497 296.7079 298.1516 299.8033 301.5288 303.1141 305.08 307.3627 310.3083 313.1537 315.2826 317.0233 318.1499 319.3105 320.5476 321.744 323.1376 324.3599 325.8775 327.7479 329.6541 331.9199 333.7267 335.435 336.822 337.8973 338.9639 339.7054 340.258 340.4839 340.4954 340.4045 340.3279 340.2485 340.1598 340.0942 340.1619 340.5524 341.5472 343.005 344.3444 345.5561 346.258 346.8427 347.3855 347.9136 348.5494 349.0634 349.564 350.0237 350.4511 350.9553 351.3496 351.7128 352.0213 -9999 -9999 -9999 -9999 -9999 -9999 -9999 -9999 -9999 -9999
290.3296 291.4416 292.7149 294.0114 295.2527 296.8038 298.2392 299.8677 301.4938 302.9182 304.6179 306.6277 309.5365 312.514 314.8115 316.6441 317.8033 318.9753 320.2191 321.4462 322.9142 324.2138 325.7711 327.6051 329.4911 331.733 333.5252 335.2265 336.6131 337.708 338.8025 339.5796 340.1712 340.3999 340.3998 340.3072 340.2274 340.1362 340.0411 340.0121 340.242 340.8674 342.0338 343.5103 344.7734 345.8123 346.4453 347.0366 347.6248 348.2014 348.878 349.3997 349.8993 350.3784 350.8335 351.3536 351.7542 352.1399 352.4968 352.8217 -9999 -9999 -9999 -9999 -9999 -9999 -9999 -9999 -9999
290.3557 291.4817 292.7664 294.0937 295.3562 296.9035 298.3291 299.9507 301.5678 302.9568 304.3585 305.7726 308.3671 311.4235 314.0464 316.2466 317.5657 318.7761 319.9856 321.193 322.6877 324.0147 325.5781 327.4313 329.3471 331.5825 333.3504 335.0301 336.4262 337.5419 338.6401 339.4144 340.0236 340.2919 340.3141 340.2326 340.1392 340.0294 339.9462 339.9738 340.3428 341.1519 342.4533 343.9295 345.1154 346.0296 346.6038 347.1872 347.8065 348.4192 349.1258 349.644 350.1447 350.666 351.1595 351.703 352.1194 352.5287 352.916 353.2662 353.6644 -9999 -9999 -9999 -9999 -9999 -9999 -9999 -9999
290.3647 291.4784 292.7893 294.1826 295.493 297.0322 298.4289 300.0411 301.7062 303.1826 304.5598 305.3067 306.6616 309.3846 312.6122 315.7077 317.3634 318.6697 319.8115 320.9344 322.3907 323.7144 325.2651 327.1924 329.1786 331.4288 333.1917 334.8716 336.2639 337.3651 338.4363 339.1642 339.7471 340.0692 340.1727 340.1475 340.0579 339.9348 339.87 339.9691 340.4857 341.4084 342.7675 344.2186 345.3198 346.1783 346.7503 347.3494 347.9966 348.6338 349.3552 349.8923 350.4526 351.0551 351.6043 352.1818 352.6148 353.0289 353.3963 353.7128 354.0637 354.3647 -9999 -9999 -9999 -9999 -9999 -9999 -9999
290.3033 291.4168 292.7837 294.2578 295.6105 297.1485 298.5055 300.0811 301.7544 303.2791 304.7712 305.6065 306.4721 308.2336 311.3421 315.1055 317.1404 318.6047 319.7157 320.7579 322.1477 323.4883 325.1237 327.1075 329.1092 331.3632 333.1107 334.7814 336.16 337.2219 338.2515 338.9506 339.5214 339.8804 340.0539 340.0971 340.032 339.9113 339.8476 339.9727 340.5638 341.5318 342.8801 344.2786 345.3507 346.2392 346.8491 347.4798 348.1466 348.8004 349.5508 350.1475 350.8181 351.5147 352.117 352.7138 353.1329 353.4999 353.7864 354.0105 354.2574 354.5114 354.9095 -9999 -9999 -9999 -9999 -9999 -9999
290.2471 291.3887 292.833 294.387 295.7652 297.2709 298.5611 300.0518 301.6771 303.2251 304.9354 306.2178 307.4585 308.3636 310.0978 314.1073 316.7473 318.417 319.5492 320.5576 321.9043 323.2604 324.975 327.0089 329.0498 331.3337 333.0455 334.669 336.0247 337.064 338.0676 338.7647 339.354 339.7602 339.9941 340.0946 340.0539 339.9348 339.8566 339.9641 340.5524 341.5564 342.92 344.2877 345.3601 346.3104 346.9627 347.6212 348.2955 348.9543 349.7549 350.4738 351.331 352.1725 352.8378 353.4212 353.7671 354.0168 354.1635 354.2552 354.3693 354.5638 355.021 355.9901 -9999 -9999 -9999 -9999 -9999
290.2544 291.4629 292.9821 294.5764 295.9487 297.3768 298.5585 299.9169 301.4546 303.0181 304.9387 306.5599 308.074 308.8249 309.5968 313.012 315.9772 317.8965 319.1963 320.2851 321.6659 323.0116 324.6783 326.7034 328.853 331.2206 332.9072 334.4945 335.8413 336.895 337.9305 338.6631 339.3007 339.7623 340.0395 340.1654 340.1223 339.9862 339.8791 339.9537 340.5089 341.5177 342.9543 344.4056 345.4922 346.4459 347.1167 347.7872 348.4568 349.1081 349.9578 350.8611 351.9759 353.0011 353.7274 354.2281 354.4219 354.4936 354.4876 354.4676 354.499 354.6813 355.2267 356.4861 358.2226 -9999 -9999 -9999 -9999
290.2941 291.5454 293.1241 294.7611 296.117 297.4464 298.5017 299.7167 301.1608 302.7343 304.7895 306.5164 308.0369 308.9095 309.6323 311.9978 314.8548 317.1078 318.6825 319.9583 321.446 322.7945 324.3926 326.3411 328.5125 330.923 332.6476 334.2669 335.6422 336.736 337.8403 338.6342 339.3334 339.85 340.153 340.2703 340.2047 340.0377 339.8924 339.9325 340.4495 341.4666 342.987 344.5574 345.6644 346.6178 347.3036 347.9848 348.66 349.3349 350.2776 351.3526 352.677 353.8454 354.5951 354.9579 354.976 354.8871 354.7806 354.715 354.7633 355.0214 355.7393 357.1865 358.9055 360.5606 361.3563 -9999 -9999
290.2571 291.5641 293.2217 294.9179 296.255 297.4736 298.3828 299.4243 300.7462 302.3263 304.4727 306.2504 307.8525 309.0146 309.9347 311.4824 313.6703 315.9339 317.8498 319.4569 321.1657 322.5714 324.1851 326.0693 328.0543 330.3956 332.2057 333.9219 335.382 336.558 337.7633 338.6496 339.4407 340.0152 340.3302 340.4148 340.3153 340.0996 339.8879 339.8834 340.4031 341.4644 343.0225 344.6016 345.7975 346.851 347.5827 348.3036 349.027 349.7816 350.9285 352.1563 353.5609 354.7401 355.4097 355.6185 355.5146 355.3358 355.2166 355.1941 355.3971 355.8659 356.7783 358.1634 359.5428 360.8497 361.593 362.1245 -9999
290.0788 291.4505 293.2248 294.9645 296.2949 297.455 298.2678 299.1861 300.4146 301.9903 304.2007 306.0543 307.8251 309.278 310.3482 311.5743 313.0363 314.9939 317.0481 318.8863 320.8292 322.3382 323.9717 325.7782 327.652 329.9541 331.7978 333.5747 335.1275 336.3999 337.7028 338.672 339.5464 340.157 340.4641 340.5234 340.3925 340.136 339.8787 339.8508 340.4075 341.5642 343.1928 344.7688 345.9812 347.0916 347.8796 348.6752 349.4948 350.3481 351.6187 352.8827 354.2356 355.2739 355.819 355.9971 355.9218 355.7917 355.7488 355.8416 356.2229 356.8355 357.7769 358.9446 360.0291 361.0462 361.7036 362.2604 362.7106
289.8764 291.2948 293.2075 294.9976 296.3056 297.4103 298.1543 298.997 300.179 301.7087 303.936 305.8743 307.7968 309.4798 310.7097 311.8716 312.9464 314.4178 316.2888 318.1942 320.3635 321.9828 323.608 325.3274 327.1581 329.4789 331.3361 333.15 334.8052 336.1982 337.628 338.687 339.6393 340.2816 340.576 340.6087 340.4497 340.1715 339.8949 339.8852 340.5491 341.8275 343.5682 345.1518 346.3074 347.4185 348.2713 349.1785 350.14 351.1199 352.4151 353.5837 354.7578 355.6133 356.0752 356.2936 356.3269 356.3372 356.4421 356.6886 357.2236 357.8881 358.7465 359.6496 360.4385 361.235 361.8135 362.3745 362.8863
289.8395 291.2654 293.2116 295.0433 296.2991 297.3366 298.0562 298.8748 299.994 301.4603 303.6607 305.6208 307.6125 309.3741 310.7607 312.1497 313.2949 314.5056 315.8669 317.5213 319.7683 321.4606 323.1097 324.8276 326.6343 328.9162 330.7894 332.6704 334.4229 335.9343 337.5177 338.6802 339.7026 340.3728 340.6648 340.6693 340.4911 340.2127 339.9629 340.0171 340.8337 342.2004 343.9672 345.5373 346.6737 347.8164 348.7464 349.7647 350.8395 351.8889 353.1417 354.157 355.1034 355.8 356.231 356.5276 356.6947 356.8745 357.1423 357.5119 358.1201 358.7628 359.5052 360.1993 360.7806 361.4128 361.9277 362.4734 363.0065
289.8961 291.2938 293.1456 294.9492 296.2065 297.2348 297.9636 298.7999 299.9027 301.3188 303.4463 305.3672 307.3448 309.121 310.6097 312.2244 313.5503 314.8326 315.9121 317.0866 319.1116 320.8218 322.5261 324.3437 326.1813 328.4152 330.2774 332.2074 334.038 335.6451 337.3758 338.6532 339.7539 340.4548 340.7506 340.7382 340.5544 340.2949 340.109 340.247 341.1808 342.5726 344.2555 345.7842 346.9778 348.2148 349.2343 350.3299 351.4435 352.4945 353.6869 354.5923 355.3824 355.9612 356.3671 356.7335 357.013 357.3296 357.7112 358.1435 358.7567 359.3455 359.9905 360.5605 361.029 361.5585 362.0247 362.5457 363.0692
289.8455 291.1317 292.8524 294.622 295.9519 297.0522 297.8256 298.7103 299.8568 301.2349 303.2381 305.0919 307.0096 308.7768 310.3223 312.0467 313.4701 315.0264 316.5533 317.5079 318.5311 319.9216 321.7019 323.7598 325.7316 327.9506 329.7695 331.6935 333.5681 335.2586 337.1623 338.6007 339.8167 340.5627 340.8787 340.8812 340.7281 340.5459 340.5128 340.8022 341.7927 343.0626 344.5971 346.055 347.2928 348.6615 349.7843 350.9248 352.0134 353.0137 354.1275 354.9556 355.6509 356.1605 356.5569 356.985 357.3533 357.7676 358.2109 358.6514 359.2143 359.7218 360.2617 360.7552 361.1752 361.6543 362.0851 362.5739 363.0709
289.6645 290.7744 292.4209 294.2295 295.6284 296.8221 297.6613 298.5785 299.7143 301.0517 303.0129 304.8481 306.7395 308.5123 310.0769 311.8011 313.25 314.9435 316.7606 317.9745 318.2027 319.1732 321.0696 323.3239 325.4097 327.6334 329.4175 331.3071 333.1866 334.9229 336.9408 338.5167 339.8684 340.6663 341.0046 341.0596 340.983 340.9312 341.0748 341.485 342.4012 343.4914 344.8494 346.2493 347.5313 348.9935 350.1599 351.3051 352.3596 353.3037 354.3482 355.1299 355.8005 356.3159 356.7305 357.1935 357.595 358.0373 358.4822 358.8979 359.4009 359.8437 360.3164 360.7669 361.1683 361.6361 362.0527 362.5209 363.0006
289.4753 290.4062 291.927 293.7085 295.1836 296.5099 297.4176 298.3593 299.4573 300.7472 302.705 304.5428 306.4667 308.2816 309.8586 311.5691 313.0238 314.6823 316.3697 317.6283 318.2071 318.9751 320.718 322.9774 325.0859 327.3237 329.0856 330.943 332.8219 334.5774 336.6465 338.325 339.8285 340.7211 341.1168 341.2671 341.3112 341.4238 341.7273 342.2063 343.0211 343.9184 345.074 346.4261 347.7607 349.3014 350.4824 351.6003 352.611 353.4966 354.4706 355.2172 355.8887 356.4378 356.8838 357.3685 357.7751 358.2122 358.6357 359.0194 359.4661 359.8516 360.266 360.677 361.0593 361.514 361.9165 362.3698 362.8443
289.4372 290.2579 291.6067 293.2852 294.7833 296.1554 297.0944 298.0651 299.1759 300.4738 302.4229 304.2904 306.2886 308.1483 309.729 311.4215 312.8249 314.3771 315.906 317.1749 318.3703 319.3257 320.7973 322.8396 324.8684 327.0825 328.8225 330.6511 332.4913 334.2042 336.2459 337.97 339.5754 340.6131 341.1266 341.411 341.5906 341.8521 342.2657 342.7787 343.5322 344.3148 345.347 346.6488 347.9794 349.5219 350.6937 351.789 352.7616 353.5988 354.5095 355.2206 355.9023 356.4825 356.9504 357.4414 357.8387 358.2586 358.6634 359.0238 359.4284 359.7704 360.14 360.5155 360.8689 361.2887 361.6678 362.1101 362.5929
289.5756 290.3164 291.5108 293.014 294.4196 295.787 296.7555 297.7599 298.8953 300.2055 302.1842 304.1124 306.1762 308.0706 309.6705 311.3466 312.6895 314.1514 315.6179 316.9482 318.4833 319.6702 321.0066 322.8618 324.8051 326.9465 328.6343 330.4091 332.1833 333.8344 335.8149 337.552 339.2169 340.373 340.9928 341.4133 341.7177 342.1019 342.6008 343.1539 343.9084 344.6692 345.6732 346.9246 348.1975 349.6725 350.8141 351.9006 352.8499 353.6516 354.5127 355.1922 355.8629 356.4521 356.9276 357.4185 357.8115 358.2202 358.615 358.9579 359.3293 359.6356 359.9739 360.3213 360.6384 361.0073 361.3541 361.7866 362.2871
289.85 290.5388 291.5656 292.8134 294.02 295.3448 296.3392 297.3745 298.5287 299.8359 301.8351 303.8212 305.9652 307.9282 309.5937 311.3075 312.6278 314.0092 315.4088 316.7444 318.311 319.5866 321.0721 322.9479 324.8199 326.8645 328.4397 330.0799 331.7726 333.4125 335.3891 337.0592 338.6668 339.8704 340.6042 341.1711 341.6165 342.1452 342.761 343.3985 344.2302 345.0471 346.0871 347.3 348.4924 349.8655 350.9491 352.0008 352.9219 353.6886 354.4948 355.1263 355.7602 356.3336 356.8104 357.3064 357.6984 358.0972 358.4711 358.7928 359.1346 359.4014 359.7073 360.0222 360.2953 360.597 360.8945 361.3214 361.8654
289.9958 290.7006 291.6359 292.7247 293.79 295.0174 295.9936 297.0287 298.1814 299.4684 301.3585 303.3216 305.5795 307.6926 309.4889 311.3205 312.6642 313.9867 315.3003 316.5818 318.119 319.4398 321.0549 323.0439 324.9218 326.8495 328.2785 329.7564 331.3676 333.0269 335.0465 336.6447 338.1347 339.2996 340.0829 340.7545 341.307 341.9673 342.7169 343.466 344.4107 345.3092 346.4043 347.6056 348.751 350.052 351.0789 352.0859 352.9745 353.7088 354.465 355.0468 355.6346 356.1825 356.6542 357.1578 357.5478 357.9316 358.2779 358.5733 358.8903 359.1415 359.4206 359.6992 359.9433 360.2084 360.4711 360.9052 361.5027
290.1014 290.8121 291.699 292.6851 293.6379 294.7507 295.6755 296.6707 297.7634 298.9559 300.6682 302.5413 304.9075 307.3503 309.4368 311.4536 312.8139 314.0568 315.2463 316.4641 318.0381 319.4566 321.1205 323.1455 325.0521 326.8581 328.1194 329.4188 330.9014 332.5292 334.5946 336.1653 337.567 338.6583 339.4392 340.1737 340.8061 341.6093 342.5277 343.4261 344.524 345.5247 346.6752 347.8725 348.9873 350.2394 351.2138 352.1722 353.0255 353.7231 354.4219 354.9448 355.4738 355.9948 356.4651 356.9686 357.3462 357.702 358.0098 358.2681 358.5525 358.7902 359.046 359.3012 359.5323 359.8038 360.086 360.541 361.1685
290.2132 290.9116 291.7607 292.6823 293.5697 294.6098 295.4775 296.3904 297.3429 298.4021 300.0528 301.9165 304.2137 307.0438 309.5506 311.7398 313.0634 314.2089 315.2938 316.451 318.0349 319.4823 321.0578 323.0695 325.0236 326.7682 327.9325 329.1029 330.4254 331.9783 334.0652 335.6729 337.0613 338.0878 338.8305 339.5702 340.2406 341.1387 342.214 343.2844 344.5576 345.6551 346.8481 348.0388 349.1262 350.3387 351.2824 352.2182 353.0494 353.7224 354.3764 354.8456 355.3143 355.8112 356.2773 356.7626 357.1093 357.4223 357.6801 357.8937 358.1389 358.3542 358.5966 358.8563 359.1083 359.4424 359.8017 360.303 360.9073
290.3415 291.0355 291.841 292.705 293.5529 294.5627 295.3842 296.1935 297.0001 297.9217 299.4972 301.3387 303.6843 306.8645 309.7074 312.0293 313.3111 314.3675 315.3793 316.4744 317.997 319.3834 320.8828 322.7589 324.6703 326.4523 327.6487 328.8336 330.0926 331.6073 333.7065 335.3086 336.6558 337.6196 338.3233 339.0636 339.7562 340.6718 341.8573 343.0824 344.5125 345.6915 346.9238 348.1052 349.1575 350.3268 351.2611 352.1997 353.0339 353.7018 354.3388 354.7834 355.2181 355.6801 356.117 356.5603 356.8642 357.1206 357.323 357.4939 357.7035 357.8899 358.1214 358.403 358.6981 359.107 359.5365 360.0831 360.6709
290.5797 291.2549 291.9936 292.7801 293.5743 294.5457 295.3301 296.0681 296.7386 297.4637 298.6907 300.3271 303.0975 306.7159 309.8246 312.3059 313.551 314.4854 315.3704 316.4159 317.9375 319.2932 320.7003 322.1848 323.8288 325.6772 327.0707 328.547 330.0408 331.5604 333.4806 334.9623 336.1927 337.09 337.7787 338.5398 339.2502 340.1762 341.4238 342.7592 344.3522 345.6328 346.9076 348.0745 349.0871 350.21 351.1345 352.0844 352.9407 353.634 354.298 354.7567 355.1824 355.5979 355.9682 356.3195 356.537 356.7047 356.8358 356.9581 357.1294 357.2883 357.5069 357.8148 358.1626 358.6501 359.1377 359.7198 360.3166
290.8876 291.5071 292.1784 292.8988 293.6406 294.5714 295.3506 296.0979 296.6899 297.2397 298.2151 299.785 302.7255 306.7451 310.1123 312.5421 313.6671 314.4927 315.3169 316.3636 317.9453 319.3677 320.765 321.937 323.1368 324.8335 326.367 328.1973 330.063 331.5799 333.2046 334.5057 335.6879 336.5961 337.3156 338.1242 338.8666 339.8121 341.0341 342.3927 344.1051 345.4802 346.7903 347.947 348.9359 350.032 350.9485 351.9067 352.7883 353.5191 354.2448 354.752 355.2002 355.5832 355.8765 356.1042 356.2188 356.2972 356.3661 356.4454 356.5717 356.7147 356.933 357.2563 357.6377 358.1742 358.6941 359.2929 359.8965
